filename: ./instances/X-n101-k25.dat
minsol: 13
maxsol: 69
omega: 280
muelite: 0.8886119961921095
Prep: 0.5
itMax: 2000
itDiv: 0.5038878195308328
near: 0.2
muclose: 0.8
Routes: 
0 19 91 97 0 
0 60 67 44 0 
0 23 61 100 0 
0 31 73 93 0 
0 65 78 6 49 2 7 0 
0 83 51 81 0 
0 54 70 1 0 
0 58 39 25 63 0 
0 76 55 16 69 0 
0 8 80 0 
0 89 98 99 62 71 0 
0 32 95 53 33 0 
0 68 90 84 66 0 
0 14 82 72 57 77 0 
0 86 9 92 0 
0 24 46 35 5 0 
0 75 30 85 11 0 
0 87 43 45 36 29 37 0 
0 38 47 26 48 96 0 
0 52 27 21 0 
0 4 13 74 0 
0 40 88 59 3 64 34 0 
0 15 22 41 20 0 
0 18 12 0 
0 10 42 28 0 
0 50 79 0 
0 56 94 17 0 
Cost: 27921
Best founded after 9.215317730108897 min
Program ended in: 27.28826337258021 min



filename: ./instances/X-n101-k25.dat
minsol: 3
maxsol: 6
omega: 262
muelite: 1.3778588884580976
Prep: 0.5
itMax: 2000
itDiv: 0.24777856487840283
near: 0.2
muclose: 0.8
Routes: 
0 4 13 84 66 0 
0 34 64 87 36 29 43 45 2 7 0 
0 80 3 94 0 
0 35 46 31 0 
0 86 54 68 0 
0 17 8 21 0 
0 1 70 92 0 
0 93 75 0 
0 23 61 100 0 
0 69 16 9 0 
0 39 10 18 0 
0 82 60 59 0 
0 27 97 19 0 
0 30 85 11 79 0 
0 28 42 78 65 25 0 
0 20 41 22 15 0 
0 81 51 83 0 
0 58 12 5 0 
0 89 98 99 62 71 0 
0 40 88 67 96 0 
0 38 47 48 26 56 0 
0 63 14 77 44 0 
0 90 76 55 74 0 
0 50 91 52 0 
0 57 72 37 6 49 0 
0 24 95 73 53 33 32 0 
Cost: 27713
Best founded after 3.095254607995351 min
Program ended in: 11.276079161961873 min



filename: ./instances/X-n101-k25.dat
minsol: 3
maxsol: 6
omega: 262
muelite: 1.3778588884580976
Prep: 0.5
itMax: 2000
itDiv: 0.24777856487840283
near: 0.2
muclose: 0.8
Routes: 
0 6 36 29 87 96 64 34 0 
0 79 50 0 
0 80 3 94 0 
0 54 70 1 0 
0 92 9 86 0 
0 23 61 100 0 
0 5 35 46 24 0 
0 39 10 18 0 
0 58 12 0 
0 28 42 78 65 25 0 
0 52 27 21 0 
0 71 62 99 98 89 0 
0 97 91 19 0 
0 66 84 90 68 0 
0 53 93 0 
0 8 17 0 
0 63 14 77 44 0 
0 69 16 55 76 0 
0 33 73 95 31 32 0 
0 59 67 40 0 
0 56 26 48 47 38 0 
0 4 13 74 0 
0 75 30 85 11 0 
0 20 41 22 15 0 
0 88 60 57 72 82 0 
0 37 43 45 2 49 7 0 
0 83 51 81 0 
Cost: 27843
Best founded after 7.869695067405701 min
Program ended in: 16.724925180276234 min



filename: ./instances/X-n101-k25.dat
minsol: 3
maxsol: 6
omega: 262
muelite: 1.3778588884580976
Prep: 0.5
itMax: 2000
itDiv: 0.24777856487840283
near: 0.2
muclose: 0.8
Routes: 
0 75 30 85 11 0 
0 12 18 0 
0 80 8 0 
0 23 61 100 0 
0 19 91 97 0 
0 71 62 99 98 89 0 
0 83 51 81 0 
0 7 2 49 6 78 65 0 
0 68 90 84 66 0 
0 21 27 52 0 
0 54 70 1 0 
0 33 73 95 31 32 0 
0 24 46 35 5 0 
0 20 41 22 15 0 
0 60 67 44 0 
0 40 88 59 3 0 
0 17 94 56 0 
0 38 47 26 48 96 64 34 0 
0 86 9 92 0 
0 74 13 4 0 
0 93 53 0 
0 37 29 36 45 43 87 0 
0 10 42 28 0 
0 63 25 39 58 0 
0 50 79 0 
0 14 82 72 57 77 0 
0 69 16 55 76 0 
Cost: 27905
Best founded after 10.566165288289389 min
Program ended in: 19.301523594061532 min



